Study1:

C:/Users/jrb/Desktop/delta_uniform_sp_7x7_128_16_0
[1.0, 0.995, 0.995, 1.0, 0.995, 1.0, 0.995, 0.995, 0.995, 1.0, 1.0, 1.0, 0.99, 1.0, 0.985, 1.0, 0.99, 0.995, 0.99, 0.995,
0.98, 0.97, 1.0, 0.985, 0.975, 0.975, 0.965, 0.97, 0.99, 0.975, 0.985, 0.975, 0.98, 0.96, 0.96, 0.97, 0.965, 0.97, 0.98,
0.98, 0.945, 0.965, 0.97, 0.945, 0.97, 0.985, 0.96, 0.945, 0.95, 0.95, 0.945, 0.975, 0.935, 0.935, 0.92, 0.96, 0.935, 0.92,
0.965, 0.95, 0.925, 0.915, 0.935, 0.87, 0.855, 0.86, 0.875, 0.885, 0.86, 0.885, 0.855, 0.88, 0.845, 0.81, 0.745, 0.835,
0.815, 0.825, 0.83, 0.74, 0.755, 0.695, 0.85, 0.7, 0.75, 0.75, 0.785, 0.71, 0.625, 0.655, 0.585, 0.635, 0.555, 0.5, 0.57,
0.63, 0.58, 0.5, 0.515, 0.525]

Study2:
C:/Users/jrb/Desktop/delta_uniform_sp_7x7_128_16_0/p_100_elo_2255.6.pt:
Iters:  50
Win rate:  0.995
Iters:  100
Win rate:  1.0
Iters:  200
Win rate:  0.99